batch_size: 64
dropout: 0.4
lr: 2.631245451057452e-05
max_length: 128
warmup_ratio: 0.0
weight_decay: 0.01834045098534338